9939,
2265,
9364,
2986,
5377,
8108,
8229,
9845,
6476,
2558,
7114,
3282,
594 ,
983 ,
4704,
8521,
7944,
4061,
931 ,
8147,
3134,
5326,
4112,
9433,
9815,
5508,
6566,
7155,
470 ,
8284,
332 ,
7770,
5795,
1335,
9038,
9895,
6681,
102 ,
921 ,
3857,
2450,
8429,
6606,
8084,
8953,
4434,
5733,
4289,
4155,
3891,
2316,
4060,
8637,
1248,
429 ,
9887,
415 ,
3575,
9138,
3325,
5498,
349 ,
2701,
4299,
4294,
2677,
6459,
641 ,
6872,
7427,
1038,
3168,
3862,
1765,
5120,
2876,
3690,
4512,
5802,
7004,
5809,
5185,
4544,
1224,
4139,
85  ,
2263,
76  ,
4423,
7457,
8475,
7617,
3292,
3787,
4976,
4930,
7576,
5139,
6337,
476 ,
1115,
2888,
2083,
7104,
3162,
973 ,
1895,
9832,
1772,
1061,
7267,
9837,
3132,
6092,
559 ,
3279,
4089,
7349,
1760,
7384,
389 ,
2715,
2527,
3769,
2023,
98  ,
2371,
5125,
9102,
2997,
1044,
8328,
8107,
5103,
4759,
4499,
7140,
6713,
3656,
4393,
4664,
5731,
5725,
2527,
2207,
5124,
5477,
2456,
4526,
7122,
2561,
3470,
7003,
2039,
5163,
1283,
8181,
1974,
1545,
93  ,
8106,
6076,
3849,
9865,
8137,
6383,
5050,
7896,
8408,
5703,
9160,
7711,
1394,
3365,
8875,
6563,
8820,
3173,
5010,
923 ,
6519,
2868,
7272,
23  ,
5138,
1316,
6072,
6109,
6840,
7523,
1521,
5549,
2130,
2413,
3688,
3395,
2893,
3533,
3220,
9677,
2138,
2974,
5182,
7778,
158 ,
9155,
6332,
1636,
7887,
8244,
7800,
1307,
4836,
9241,
7634,
7261,
3959,
4611,
8999,
3134,
7323,
9386,
3670,
759 ,
206 ,
640 ,
9765,
3436,
2075,
3150,
4720,
5740,
7464,
1481,
6666,
6728,
2414,
2253,
5822,
2588,
732 ,
3154,
7498,
6589,
7367,
9016,
4155,
598 ,
5692,
3558,
1305,
4669,
6502,
3289,
9775,
2820,
4275,
570 ,
459 ,
6293,
7848,
5   ,
134 ,
62  ,
5318,
6993,
401 ,
6658,
2205,
7973,
20  ,
5652,
9604,
9911,
9625,
2284,
7623,
3304,
2672,
6024,
3989,
8163,
1003,
5321,
5965,
8233,
270 ,
3212,
1139,
316 ,
1993,
754 ,
2459,
1841,
1757,
4937,
7238,
4469,
5936,
8292,
1396,
6893,
600 ,
2444,
2814,
7234,
3232,
5437,
174 ,
7561,
8268,
603 ,
7506,
3920,
1029,
4667,
7232,
9615,
1238,
3548,
3136,
135 ,
2521,
692 ,
6671,
9017,
9189,
3165,
4   ,
594 ,
8542,
1146,
953 ,
8268,
1196,
8709,
45  ,
9535,
930 ,
9372,
9698,
4949,
6949,
6746,
7123,
4641,
1721,
8780,
2224,
2760,
761 ,
3695,
1378,
5407,
1939,
6485,
6602,
9396,
1989,
671 ,
9948,
9372,
5938,
7818,
6686,
524 ,
9578,
2677,
3562,
9211,
9731,
228 ,
4524,
8862,
7156,
5308,
6082,
8491,
2530,
4986,
8089,
38  ,
6276,
5548,
8331,
9093,
4566,
5700,
1475,
6042,
6870,
7154,
369 ,
7662,
3752,
8972,
8554,
6891,
3314,
779 ,
6506,
7433,
8927,
5755,
4107,
2738,
9633,
2997,
3169,
8313,
9555,
6598,
3990,
6096,
1235,
4431,
5168,
7726,
9498,
6653,
1870,
6125,
3868,
8399,
8166,
5081,
6809,
6934,
7571,
8329,
1850,
3094,
455 ,
4236,
2621,
6575,
6444,
274 ,
2840,
5381,
4220,
3001,
658 ,
9694,
8758,
2264,
5867,
1748,
58  ,
4808,
7236,
9335,
3592,
3856,
329 ,
3635,
8121,
1443,
1321,
3004,
3040,
2078,
3198,
9574,
6137,
999 ,
5399,
4365,
7832,
3657,
4051,
5019,
3875,
6066,
7828,
935 ,
1903,
621 ,
4877,
9603,
2439,
9738,
6415,
2760,
4347,
3003,
5429,
9303,
5117,
4803,
8516,
1155,
3112,
8036,
5020,
6720,
114 ,
9656,
853 ,
4520,
1938,
3975,
562 ,
2379,
2762,
1210,
2772,
5771,
1409,
1206,
8747,
851 ,
8595,
4442,
3881,
5561,
9101,
196 ,
4977,
3623,
9581,
889 ,
277 ,
1022,
4204,
3362,
2899,
9922,
3795,
5276,
6921,
6413,
7721,
9949,
4026,
8627,
3453,
5   ,
9972,
2379,
5546,
7125,
9452,
1568,
6276,
9489,
5766,
4974,
9241,
4528,
6617,
4124,
4142,
6345,
8486,
1008,
6286,
386 ,
3139,
322 ,
8240,
6611,
3338,
8830,
6564,
8888,
9958,
6629,
8750,
357 ,
5542,
6485,
1414,
5376,
2419,
9382,
7446,
3799,
8854,
2191,
6212,
5875,
7076,
2133,
8221,
1470,
9362,
2301,
566 ,
2007,
772 ,
2272,
5523,
2527,
7655,
9001,
8151,
9506,
4104,
9749,
6518,
9248,
7239,
9390,
1105,
2832,
6929,
8261,
2672,
161 ,
5245,
4000,
9265,
9821,
5874,
4264,
2478,
8302,
2349,
899 ,
4029,
1722,
3668,
6160,
232 ,
3985,
7683,
8507,
5006,
4415,
8054,
9362,
9363,
5179,
1187,
8667,
9362,
7261,
297 ,
448 ,
3927,
5112,
691 ,
3208,
4055,
9782,
8295,
2146,
6804,
3620,
2858,
3000,
8058,
6877,
6187,
1777,
9828,
9391,
1718,
879 ,
7967,
7626,
8861,
753 ,
2124,
8023,
555 ,
3152,
3082,
5050,
1253,
7578,
981 ,
6012,
573 ,
3477,
9933,
5493,
6842,
6125,
3609,
2848,
7692,
9519,
6788,
2133,
7709,
8747,
8408,
5012,
5626,
4471,
6588,
5725,
9309,
9866,
1597,
339 ,
4881,
9534,
9868,
4940,
5954,
8517,
3351,
2616,
2886,
1056,
125 ,
2820,
9768,
4402,
784 ,
9413,
8326,
1974,
5846,
5066,
8831,
4564,
765 ,
9522,
4136,
135 ,
6415,
1705,
2633,
3388,
2580,
3711,
830 ,
3419,
5383,
8318,
3281,
562 ,
2275,
7064,
8575,
7217,
1379,
5875,
3833,
4045,
4065,
5318,
5072,
4093,